-0.01047405071732406
0.014714410465524394
-0.0018191221027258329
0.018704148870596914
-0.01284797841537978
0.008006459584169574
0.0013380333498651446
0.0017668676381548457
0.005191945992530673
0.005834139058275623
0.008561182220513719
-0.02025332936402761
0.022600458615655048
-0.020480713191173065
0.022713119597279615
0.022609059129910652
-0.0029960739663501797
-0.021597205867467325
0.0034780740743405175
-0.01973589761698387
-0.004775832996085173
-0.022859261250798162
0.016602799164566907
-0.023964493627070177
0.008825658802594243
0.01775029814437643
0.020700952747091952
0.0036135547112039457
-0.00991234346818617
-0.017404025340988644
-0.020568537943293542
-0.006572733039006333
-0.009973828463080996
-0.011263602002873456
0.007254816103400148
0.011667685356729228
-0.007913675775591546
0.0027703199366997436
-0.007957615273198278
-0.008556453439539535
0.01862658624365208
0.005721953506960015
-0.006450489395808862
-0.0025056246033732387
0.007770472111269203
0.017743182582681507
0.015182810491708327
0.017583386641344012
-0.020401333329493104
-0.020640874550487194
0.012932947424974934
-0.004175297551168005
0.02114282259973389
0.0024076489500074855
-0.012633617967666076
-0.015917257471857158
0.013846246068906713
-0.013531487114370369
0.010468293627448262
-0.0034432154090039187
0.000840967308450361
-0.025690653478075212
-0.012348658627322973
0.01770844117592929
