0.013104374784063394
-0.016404532028103557
0.015195796507925578
0.0034038126302675274
0.012062583227011306
-0.02499535701443053
-0.016820721632709746
-0.012017695340011528
0.01784398817846168
0.011317389806592665
0.005699669433083732
-0.011395956296932002
-0.01246454262683843
0.004755799358378516
-0.007777221152732646
0.015370818635734845
0.0022392369358597178
-0.023939265612618055
0.0004300718700314824
-0.02101901688906815
-0.015932593332682966
-0.014463792989582227
0.014192161988815235
-0.010686448960755983
0.0204650657821209
0.00399752179245709
0.024804482718887112
0.015467249412094602
0.013744976652085567
0.0032876917435021185
0.021882662877065324
-0.014074499402644883
-0.012785155890926797
-0.01445550734419366
-0.0031420656847501453
0.012976261298143912
0.02278478341990878
-0.021231627055861686
-0.0028786016566170244
-0.003985147645963427
0.0038257421628550264
-0.024529507560987162
-0.0244254449446072
-0.004836400923312546
0.009703510242549625
-0.01854631447270568
0.006564605258029693
0.020717211824417426
0.008061787238259607
-0.013707102901949493
0.008622464158833712
0.020911923216750162
-0.018831978856651648
-0.001662247465772203
0.01642203836198051
-0.002455147005909728
-0.018930764422086237
-0.003028382091378553
0.0038005615365615556
-0.013077012484755448
-0.0054345171512552954
0.014259898059085254
-0.01034207012748048
-0.011947444112072571
