0.06642113101051629
-0.23312772922886765
-0.2815176006981915
-0.1477747730155305
-0.37361428250230794
-0.3318764656856113
-0.27352311106747446
-0.32243557448036053
-0.3587432334852025
0.05436090741858503
-0.2962332228487733
-0.3389076329551967
0.04541835324476423
-0.3254958690096351
-0.3229964696144393
-0.3390977012221154
-0.10626201781926459
-0.15529502318818247
-0.30502952057395655
0.12102271238967742
-0.2754047317848144
-0.3406841308976555
0.09386062860213619
-0.3002452610780151
0.04782542308811323
-0.19826074924620293
-0.29205436052681655
-0.3030992823021741
-0.33605073430578464
-0.3116400174159866
-0.31801352840682173
0.0549002746831095
-0.3704871748359851
-0.2162879974419028
-0.2723323447262559
-0.25143126136113064
-0.34272907143438597
0.1045291078133204
-0.10136481152782303
0.00989150908192785
-0.2596698364924481
0.1559876559236526
-0.11895917542313392
-0.33138825423948054
0.10844316500943298
-0.3574163718593509
0.11101383600246811
-0.21608706467731467
0.03941153587378912
-0.33766695437526395
-0.31046155352635657
-0.29226608245757174
-0.33590351037673194
-0.34029617683215146
0.030606100884316097
-0.32505327499166564
-0.32128810650434547
0.04602023936564552
0.13004403603951542
-0.03892015912329877
-0.023096493926503082
-0.37559584228551307
0.04511068917126653
-0.34328170679958564
-0.3961072747513321
0.044814137785430995
0.07063257211987908
-0.22477108273250132
-0.2129713880482717
-0.24485751749758838
-0.32638821585457134
0.06547572459825954
0.09906847945441748
0.1559817319099209
-0.349901500521662
-0.1835868783023835
0.134068878749546
-0.26528488096276875
-0.33330540813458454
-0.270350153630489
-0.2725228834279794
-0.12297809169914858
-0.2872434508712347
0.08596240712329792
-0.33371303347973746
0.07721566071695345
-0.06819673528118453
-0.3149942091186868
-0.2825970014820447
-0.11810597688037136
-0.3356489515614568
-0.31892612408870336
-0.3242812201656414
-0.3485801356004896
-0.25986265679970316
-0.015714424084188168
