1.4319445951596907
-0.26385540530404916
-1.0005927919802264
-0.22635437302282432
-1.7819213333526946
0.5871541227425364
-2.1500505019299694
0.017451054659167683
1.325072121124425
-1.7392263445946428
1.5784347866129416
2.2435576178004104
-1.935248537198228
0.08348408806507937
-1.771803176573279
0.7165391190652755
-0.7064412795633376
1.2595731853179826
1.9559981995712372
1.7807615914548476
2.319738954883578
0.24140028457457047
-2.2801291338462373
0.5273344571885226
2.415941549460571
-1.259128328156229
-0.7272506857002494
-0.9284810222309378
-0.022161755348258712
1.3631267592061602
2.1706056227092008
1.3037028796958985
1.0440096300514263
-2.115399817241947
1.55713673256551
-2.496723756850909
1.7980951814454538
-0.6479540342302772
1.8457913106183852
-2.315030531474237
-1.6140904858756449
1.4707837150377738
2.049444603721669
-1.3398166375119231
1.9397589297479927
1.5543549780861676
-1.8398548996873136
-1.0105351134959204
1.3555034503892633
0.5926501567698181
0.6900643118180241
-0.8792595494991478
-0.9365713184289404
1.6419507644660998
-2.4604347161760023
-1.6096141853015407
1.9056964498538096
1.7600154434106556
1.3621478093418093
2.2955727417231846
2.440970026616061
-0.5003556917063695
0.9439281985687323
2.181366119214921
