-0.003478117058437917
0.011593770229699575
-0.07013819212239727
0.012852610334400832
-0.02021252598649133
0.010985112930527155
0.003625471208084758
-0.010884669965247395
0.012188648646820118
-0.07130180220105102
-0.06069050781191099
0.023051300549152373
-0.07120580840449484
0.007577522794717768
0.04418907397836013
-0.01476850416475593
0.009668507832959547
0.008917914182922352
0.0366286767415143
0.018351033155531587
-0.05553667275407742
0.03175697245674058
-0.006205748298749498
-0.0034419372105292806
-0.022157261670560265
0.03400300710572402
0.009862945618323496
0.040999407347327564
-0.06256803061991534
0.026206953603990866
0.009306018983933583
-0.007668653413067759
-0.0003867841531534405
0.056041215951026825
-0.02172159266555899
0.0005324599458330554
-0.03277593398255631
-0.023610241037721923
-0.11420971108834453
0.022893638413489615
-0.007111181429683697
0.058864316139824756
-0.02780126574536029
0.05848400468957491
0.01965426505623793
-0.05973642901497228
-0.02253540614466647
-0.09980055639840332
-0.004884355900843526
-0.020809245149170107
-0.0017751164047815598
-0.0021804187678626558
-0.07723048112399647
0.02969373511275121
-0.08062998999548736
0.006698096283528813
-0.006676270273459747
0.02992806148494212
-0.05074467861555995
-0.001634167910405898
0.041221183084989135
0.037396114274002495
0.036800608759121396
-0.021747378388509663
-0.07915304448555559
-0.041751432440438614
-0.008792066612326446
0.04390965769299671
0.00027754271230740786
0.0034302336048860644
-0.01947198274910403
0.03167623868566036
0.055630257669480127
-0.006330780991784355
0.0538818714885591
0.01582390710153939
-0.010555522707460019
0.0030890060254314235
-0.0259854911122955
-0.010339474077829567
-0.0031006179336828597
0.07178801184872477
-0.10075988263065366
-0.01537370030908818
-0.01575995160739767
0.02333397437606796
-0.014795276283797868
-0.0031938706198340245
-0.038893652524576695
0.00787597079734809
-0.03154489811910393
-0.005655089783371486
-0.08194750836068199
-0.07707614701348107
0.03656185112087909
0.003729549783078674
