-0.02426586142212861
-0.02480494940024056
-0.0019097472369215345
-0.0018970530759197287
-0.011868662957507286
0.020012664403878343
0.017769243712219506
-0.0030818804056890387
0.0016789199110989622
-0.021719623846958535
-0.024726366143254914
0.020526359255661018
-0.018408655145149437
-0.009269416459154555
-0.008396636305378414
0.023392857840662265
0.011583734659360044
0.007974054685912462
-0.009624993525610536
-0.02192994425563228
-0.001843457228434309
0.020891404363353676
0.01555094890935741
-0.011031092459111958
0.013598456992260137
-0.022285912630570653
-0.0027056111764295265
0.011717844222884032
-0.018486987179032886
0.022718981293517928
-0.013498834472097628
0.013138790643225227
-0.018852231570955644
-0.0007619213300547925
0.003275367958845508
-0.010514505237176144
0.02171863912007329
-0.009598736136138868
0.005167490512895001
-0.0040616534066326235
-0.02069855035758903
0.017726052788838997
0.006238445118184121
0.003840720303644062
0.01992103815087545
0.01894615941614704
-0.010471408014285349
0.004933351948305821
0.008254304736088434
0.003130500848360254
-0.006045580608199496
0.013107160139257763
-0.019775580602691207
0.005654137244565782
0.0038032713434654605
0.01551709348659111
0.011779311602621563
0.006599345130875046
-0.024731970260059584
-0.008428680032451652
0.010609557972578404
0.005011080706388542
-0.019030776961539334
0.010172269405475038
