0.004322571920156023
0.01482233475444304
-0.005041792514266867
0.0016092201309162485
0.000525349179929336
-0.014689373092714552
0.0004710355258326517
0.01770594504746973
-0.018671425152906762
0.003168438219337791
-0.02918565497417102
-0.02214511093530699
-0.02844559819406683
0.018636798494294983
-0.003074864954847702
-0.022596305538957064
-0.004581139775909627
-0.022496588459527206
-0.007419375143476721
0.023600353762579785
-0.022249143086566208
0.002203197464479123
-0.015499983797315665
-0.026254796432324132
0.00530647282590976
-0.016982920806421446
-0.004392039646129025
0.0030691258239852535
-0.022931956705141716
0.018338052334345427
-0.019773931302778245
-0.006233124961938965
0.012688210018787043
0.015620163316819468
-0.019054801440856067
-0.020611877609419745
-0.017515610905328233
-0.003396114701338818
-0.0051326168395515815
0.015991093955434365
-0.025405142497975083
-0.024486179362256857
0.008084162321588437
-0.013400253426626886
-0.025832794421729754
-0.012129686354115201
-0.01437159639912759
0.014559774733557558
0.010506136763501166
0.007150653923805406
0.010729358307464892
-0.016701441301496228
-0.004435135962567743
0.019661326589294564
-0.0030373092958161903
-0.006068846385280017
0.002267725302315074
0.0027797504220842544
0.002583656031778182
-0.002565384957948024
0.008459405497057572
0.0016269721928688038
-0.007660894775861959
-0.021539343258234735
-0.013136828476327916
-0.027161749022302707
-0.017145396787917048
0.006486710307155309
0.01839833146447593
-0.006902083442288603
-0.009108214069717452
0.008913138471758671
-0.015772982423855088
-0.0008027370599772643
0.0001285702485486275
-0.0010109915574093877
0.008771754160321155
0.017350268345899842
-0.0034499394788714685
-0.006203434380150977
0.02043919211553195
-0.019071378412568802
0.01562894128531431
-0.004624153623040312
-0.011180516719950415
-0.0022259403001684357
-0.025438856414968385
-0.02400751875138162
-0.02203093141094747
-0.004311957644559011
-0.0015634901448809953
0.02533768449984151
0.008651468550046693
0.007996248529262374
-0.0197587981323417
-0.006432264861521067
