-0.007612046683576906,0.12332052962392623,0.1041648642798035,-0.41054478801100874,-0.19229772940968304,-0.5618241061040078,0.22301331308202532,0.29967912798497637,0.03179157942026275,0.42154998497615875,0.008270992247669222,-0.10263800482352528,0.6065866428345508,-0.13565536316728932,0.13935799165843918,-0.026851720639864487
0.31576496608585247,-1.735767721876889,-0.202432410827155,-0.9729845620601403,-1.1756545239290428,-1.02073011493823,-1.7103449709783285,-0.2744998267458639,-0.3646162609755488,-0.20114067262632085,-0.323978180923619,-0.5917497478282258,-1.896447449963631,-1.4108956977278293,-1.5229169115401302,0.3498931532505594
0.14909079966045444,-0.3603771956153025,-0.061729235525254667,-0.4838151416410057,-0.9614672941077229,-0.7725354423579294,-0.9988656647761918,0.7157688586130317,0.13098305149354839,-0.028225870401792,-0.3498414936566414,0.35628938294706713,-0.7961220236228764,-0.9520952723677928,-1.7165367611984752,-0.637001987491648
0.08267997369696974,-0.24328313956156988,-0.41446267014373783,-0.43705942121582264,-0.7688691465229837,0.10699519577572307,0.2152350790882168,-0.5064429842799547,-0.013932024563064466,0.2427640566820566,0.0992156294528224,-0.9826663630584744,0.03773778482165242,0.28476143697437767,-0.06408304157211561,0.9145740393094349
0.5207039841803812,-1.447063971414578,-0.6745109313235484,-0.4390055094123147,-0.30995202044886216,-1.19405209675586,-0.5997252658561011,-0.08388407130156064,-0.1265410251912348,0.011986111758033323,-0.02225818627368653,0.03973572045629664,-1.1809623586412925,-0.24784059138916772,-2.2508188705592183,-0.6775566440883669
0.24503407539972882,0.18472016972195365,0.3306995595174929,0.09424318599821734,-0.137307842478911,0.1045395207624795,0.32286618413291907,-0.13509906485672954,0.09195488261318815,0.06995241401546197,0.16378102209556428,0.25593979360739527,-0.04628703599455184,-0.13941477917214326,0.0101759894599406,0.08082193827770848
-0.0062925181730280845,0.5144045815569231,-0.29056686676754995,-0.15559043083191612,0.27242188579132326,-0.14357059949665923,0.48247950210711066,0.21019736462807326,-0.03792448253469806,-0.12207139972671567,0.07301315624591372,0.05972177546370202,0.5299404899945013,-0.34636190475769923,0.005748063631828959,-0.35518320699523265
-0.10919589724797882,0.09235917948109064,-0.39078125384966433,-0.3804585305286132,0.4023291661487599,-0.2828564277641183,-0.608192537174549,0.3680079312661942,-0.5068115240056326,-0.3168494863506514,-0.39043476953283807,0.06077864023681223,-0.08746262697318417,-0.31670802079551164,-0.3443135125885875,-0.36985230055089274
0.26521658924445773,-0.2534369255684774,-0.16681012184392124,-0.1303542333208847,-0.16716610078464142,-0.6361212526035687,-0.3055135570412283,0.3219976926638855,0.011856827958799512,-0.11729861545797762,0.035894595628332346,-0.24024891143604904,-0.19591972329908927,0.09528712711325017,-0.6435365725920356,-0.05673897867593364
0.11527206242202669,0.039094391968704754,-0.12405465527243341,-0.6695427538107807,-0.7457425884166912,-0.6950319035274914,-0.23007009639402626,-0.011128311419084352,-0.26282784768849815,-0.2347216764455648,0.04161409957462436,0.009701843146716366,0.5288364776572527,-0.6099913968963028,-0.03627750476423693,-0.5046580112550494
0.07531892685106305,-0.6804334465520274,-0.6982806466389867,-0.10516049273630093,-0.5447543527793558,-1.2074217256329358,0.47807751326230224,0.11114085725164112,-0.666658932552274,-0.12892143507675602,-0.20988937830759474,0.2269093953985994,-0.33583093417869814,-0.6806395869598747,-1.0754859227335418,-0.5618317418107315
0.3318729468363824,-0.3529705694796493,-0.06875785939290895,-0.017361687927722507,-0.13963669414401456,0.048413161759107017,0.024369227590374208,-0.1072200760168838,-0.007762297177318564,-0.017121731628666575,0.45906581765256793,-0.12360620501510053,-0.4656304735577234,0.30171521325821143,0.15382332551322955,0.8167780607496087
